version https://git-lfs.github.com/spec/v1
oid sha256:cbc4aba2b806e0bde9f86f6bb5ef81ef8b515ca5fd4922f045611160da273b30
size 11143455
